	9370
	8276
	8214
	7957
	7856
	7821
	7746
	7556
˭	7528
	7526
	7521
	7502
ȴ	7482
	7428
	7390
	7364
	7341
	7285
	7266
	7236
	7224
ö	7178
	7155
	7138
	7129
	7116
	7019
	7013
	6987
	6980
	6971
	6938
	6930
Ҳ	6922
	6914
	6906
Ķ	6899
	6896
	6886
	6885
	6879
	6871
	6857
	6840
ĳ	6827
	6801
	6776
	6776
Ծ	6773
	6767
	6760
	6748
	6747
	6738
	6732
	6715
	6694
	6678
̷	6659
	6659
	6646
	6646
	6645
	6642
	6636
	6635
	6624
˵	6623
	6622
	6609
	6606
	6602
	6598
	6587
	6579
	6578
	6577
Ѧ	6577
	6571
	6564
ѽ	6563
	6562
ͤ	6550
	6548
	6548
	6545
	6541
	6541
	6536
˦	6528
ø	6527
	6520
	6518
Ȣ	6513
	6509
	6501
׮	6494
	6486
	6478
	6475
	6469
Է	6469
	6464
	6464
	6463
ɾ	6458
	6456
	6455
	6451
ؽ	6449
	6447
	6446
Ի	6441
	6441
ѣ	6438
ɶ	6433
	6430
	6422
	6422
˴	6420
	6419
	6416
һ	6409
	6409
	6406
	6402
͡	6397
	6397
	6391
	6386
	6372
	6368
	6367
͹	6367
	6367
	6360
̯	6358
	6355
	6351
	6346
	6342
ռ	6335
	6335
	6335
	6332
	6328
	6328
	6328
	6325
	6325
	6321
	6320
	6319
	6316
	6313
	6310
	6310
	6310
ǽ	6308
	6308
	6308
	6306
	6306
¬	6304
ն	6304
	6304
մ	6299
յ	6298
	6296
	6295
	6289
	6276
Ԭ	6276
ج	6267
	6265
	6264
	6264
	6264
ƿ	6261
ɷ	6259
	6257
	6255
	6253
Ȧ	6250
	6249
	6246
Ƚ	6245
	6242
	6239
	6234
	6231
κ	6227
	6226
	6226
	6225
	6225
	6224
	6224
	6222
	6220
	6218
	6217
	6211
	6205
	6202
	6196
	6195
	6191
ſ	6189
ͱ	6186
ƪ	6184
	6179
	6179
	6175
	6173
	6172
	6171
	6170
֡	6169
	6169
	6165
	6155
	6155
Ͱ	6155
	6155
	6153
	6151
	6151
	6149
	6148
	6147
	6145
	6144
	6144
	6142
	6141
ͮ	6140
ճ	6136
	6135
ǭ	6133
	6130
	6129
	6128
	6128
	6127
	6122
	6117
	6116
	6114
	6112
	6109
Ŷ	6108
հ	107
	6103
	6100
	6092
	6091
	6091
	6091
	6091
	6087
ק	6086
ԫ	6082
	6079
	6079
	6078
	6077
	6075
	6072
	6066
	6066
	6063
	6061
	6060
	6055
	6054
	6053
	6050
	6048
	6048
	6048
	6048
	6048
	6045
	6038
	6033
֨	6032
	6032
	6032
	6028
	6024
	6024
	6024
	6020
	6016
	6014
	6014
	6013
ӽ	6011
	6011
Ω	6010
	6010
	6006
	6005
	6004
	5999
	5999
	5999
ղ	5997
	5995
§	5993
	5990
	5987
	5987
š	5987
	5987
	5984
	5984
	5984
	5982
	5981
	5980
	5980
	5979
	5979
	5975
	5971
	5969
	5969
	5967
	5962
	5960
	5959
	5958
	5958
̼	5953
	5950
	5946
	5944
	5943
	5938
Ȯ	5936
Ҽ	5935
	5934
	5931
	5928
	5928
	5928
˪	5926
	5925
	5924
צ	5921
	5917
	5915
	5915
¦	5913
	5913
	5912
	5906
	5906
	5906
׿	5903
	5901
	5898
	5896
	5895
ƴ	5894
	5890
	5890
	5890
	5890
	5889
ͦ	5889
	5888
ɪ	5887
	5886
	5883
Τ	5882
է	5881
	5881
	5875
ذ	5874
	5874
	5869
	5865
	5864
	5860
	5850
	5850
	5849
	5849
	5846
פ	5844
	5841
	5840
ư	5840
	5839
	5832
	5832
	5830
	5830
	5823
	5821
	5821
	5821
	5818
կ	5814
Ҧ	5814
	5813
	5812
	5812
	5812
	5812
	5808
զ	5806
	5805
	5805
	5804
	5802
	5795
	5795
	5792
	5792
ͭ	5791
	5790
	5789
	5787
	5783
	5782
	5780
	5778
	5777
	5772
	5771
	5767
	5766
Խ	5764
	5763
	5761
	5761
	5761
	5751
	5751
	5750
	5750
	5750
	5750
	5750
	5747
	5747
Ѷ	5745
	5742
	5739
	5739
	5737
	5736
Ϊ	5734
п	5730
	5727
	5727
	5726
	5725
	5724
	5723
	5721
	5721
þ	5720
Ф	5719
	5719
	5716
ع	5716
	5716
	5716
	5713
	5710
	5710
	5709
Ρ	5704
	5703
˩	5703
	5703
	5703
	5697
	5695
ž	5693
	5691
	5691
	5691
Ǻ	5690
ӥ	5684
֮	5679
	5678
	5678
	5678
	5678
ʡ	5676
	5672
	5669
	5669
Ϻ	5667
	5665
ڣ	5665
	5665
	5663
	5657
	5657
	5657
	5656
ѷ	5656
	5651
	5651
	5651
	5651
ͫ	5651
	5651
	5650
÷	5649
	5648
	5647
	5647
	5641
	5638
	5638
	5638
	5638
	5635
	5634
	5633
	5629
	5628
	5627
	5627
	5623
	5620
	5619
	5616
	5616
ի	5615
	5612
	5609
	5609
	5609
	5609
	5609
	5605
ש	5602
д	5602
	5602
	5601
	5600
إ	5600
	5599
֣	5596
	5595
é	5594
	5593
	5592
׫	5587
	5581
	5581
Ҷ	5579
	5578
	5578
	5578
	5578
Ǯ	5577
	5574
	5573
	5572
ź	5568
	5567
	5563
	5563
պ	5562
	5562
	5562
	5562
	5562
	5562
	5562
	5561
	5559
	5556
	5555
	5554
˺	5554
	5553
Ĳ	5553
¤	5551
Ʈ	5548
	5548
	5547
	5545
	5543
	5540
	5540
	5533
	5531
	5530
	5530
Ъ	5529
	5528
ݬ	5528
	5528
	5528
	5528
	5528
ʹ	5527
	5527
	5526
	5526
	5526
	5525
	5525
	5524
	5522
	5521
	5520
	5519
	5519
	5518
	5518
¿	5515
ȹ	5511
	5511
ĺ	5511
	5510
	5510
	5510
	5509
ι	5508
ɵ	5505
	5503
	5494
	5492
	5492
	5490
	5490
Ѽ	5489
١	5487
	5483
Ĩ	5481
	5481
	5478
ۧ	5473
	5473
	5473
	5472
	5472
	5472
	5471
	5468
	5461
̵	5461
	5457
	5457
Ƽ	5457
	5453
	5449
	5448
	5444
Ү	5443
	5443
	5442
	5442
	5439
	5436
¨	5432
	5432
	5432
	5432
	5432
	5432
	5432
	5431
	5431
	5430
Ե	5421
ˡ	5420
	5419
ȣ	5419
	5417
ջ	5416
	5416
	5416
	5413
	5412
	5412
	5411
	5411
	5411
	5411
ӧ	5409
	5408
	5407
	5404
	5403
	5401
ɰ	5398
	5398
	5397
ǳ	5391
	5390
	5390
	5389
ӿ	5389
	5389
	5389
	5389
	5389
	5389
	5389
	5388
	5386
ɼ	5384
	5384
	5382
	5380
	5380
	5378
	5377
	5377
	5377
	5373
	5372
	5371
	5371
Ϲ	5370
	5369
	5367
	5367
	5367
	5367
	5367
	5367
¾	5367
	5367
ɹ	5365
	5364
	5361
	5360
Ȱ	5359
	5356
	5355
	5355
ۡ	5352
	5352
	5351
	5351
	5351
	5350
	5347
	5347
	5346
	5346
	5343
	5343
ǵ	5343
	5340
	5339
Ц	5337
	5337
ٻ	5336
	5334
ժ	5332
	5332
	5329
	5329
	5327
ɺ	5327
	5326
	5324
	5320
	5319
	5319
	5319
	5319
ݼ	5318
ï	5318
͢	5316
	5313
	5311
Ϫ	5309
	5307
̶	5307
	5305
	5304
	5303
	5302
	5300
Ҥ	5295
	5293
	5293
	5293
	5293
ئ	5293
	5293
	5293
	5293
	5292
	5291
	5291
	5289
	5289
	5289
Ū	5288
ب	5288
	5284
	5275
	5275
	5275
	5274
	5273
	5273
	5273
	5272
	5272
	5270
	5267
î	5266
	5266
	5266
ǯ	5266
	5266
	5264
Ǣ	5263
	5261
	5260
	5259
С	5258
	5257
	5253
	5251
	5251
Ң	5250
	5249
	5249
	5242
	5242
	5240
	5239
	5239
	5239
	5239
	5239
	5237
	5236
	5235
з	5235
	5234
	5234
ʸ	5231
̦	5231
׬	5228
	5227
	5226
	5224
	5224
	5222
	5222
ѩ	5217
	5216
	5215
Ь	5214
	5212
̤	5211
	5210
	5210
	5209
	5206
	5206
	5204
	5202
	5201
	5201
Ӵ	5200
	5199
	5198
»	5195
	5194
	5194
	5194
	5194
	5193
λ	5192
	5187
	5187
	5185
	5182
	5180
ɦ	5180
	5176
	5171
	5171
	5171
	5170
	5169
	5166
	5165
	5164
Ѣ	5164
	5159
	5158
	5157
	5157
	5152
	5152
	5151
	5149
	5149
	5148
	5148
	5148
	5148
	5147
³	5143
	5140
	5140
	5139
ε	5137
ԣ	5135
	5133
	5132
	5132
	5131
ּ	5129
	5128
	5128
	5123
	5122
	5122
	5121
	5120
	5118
	5118
	5115
	5115
	5115
	5115
ۼ	5115
	5115
ϥ	5115
	5115
	5115
	5115
	5113
	5113
	5111
	5109
	5107
ܰ	5107
	5103
	5103
	5101
	5097
	5093
	5089
´	5088
	5087
	5085
	5085
	5082
	5081
	5080
	5080
	5080
	5080
	5080
	5080
	5080
	5080
	5080
	5077
	5075
	5074
	5073
¹	5073
	5071
	5070
	5067
	5066
	5063
	5063
ܲ	5051
	5049
	5047
	5044
	5044
	5043
	5043
	5043
	5042
	5041
õ	5039
ǲ	5036
	5035
	5035
	5032
	5032
Т	5032
	5030
	5028
	5026
	5025
	5020
	5020
	5018
	5017
Ʀ	5017
	5016
	5013
	5013
	5011
	5010
	5010
	5009
	5007
Ϥ	5007
	5006
	5006
	5006
	5006
	5006
ظ	5006
	5006
	5004
	5004
	5003
	5003
	5001
	4999
	4998
	4998
	4998
	4996
	4994
ҧ	4993
ͪ	4993
	4992
̫	4992
	4989
Զ	4988
	4983
ŧ	4981
	4980
	4980
ɡ	4980
	4977
	4973
	4972
	4972
	4969
í	4966
	4966
	4966
	4966
	4966
	4963
	4962
	4962
	4962
	4961
	4961
	4960
±	4959
	4959
	4958
	4957
	4954
	4950
ګ	4950
	4949
	4947
	4945
	4945
	4944
	4939
	4939
	4937
̧	4936
	4936
	4936
	4932
	4931
վ	4930
	4924
	4924
	4924
	4924
	4924
	4924
	4924
	4924
	4921
	4920
	4919
ا	4919
	4918
	4918
β	4918
ө	4917
	4917
ͩ	4914
	4914
	4913
	4913
	4911
	4911
խ	4906
	4906
	4904
ʺ	4899
	4897
	4896
ʱ	4893
	4892
	4892
	4891
ʮ	4888
	4886
	4885
	4884
	4882
	4881
	4879
	4879
	4879
	4879
	4879
	4878
	4878
	4876
	4876
	4873
	4873
	4872
	4870
֦	4870
	4867
	4865
	4865
	4864
	4863
	4863
	4862
	4861
	4859
	4859
	4858
	4855
ƾ	4854
ײ	4853
ƺ	4851
	4849
ܿ	4849
	4846
ʥ	4846
	4844
	4844
	4842
°	4839
ī	4837
	4837
	4837
	4837
	4836
	4834
	4834
	4832
	4832
	4832
	4832
	4832
	4832
	4832
	4831
	4831
	4824
	4820
	4820
	4819
	4810
ز	4809
	4806
	4805
˿	4804
	4804
	4802
	4800
η	4796
Ĥ	4796
	4795
	4794
ܽ	4793
	4793
¥	4792
	4791
	4789
	4786
ٹ	4782
	4782
	4782
	4782
	4782
Ҵ	4782
	4782
	4782
	4782
	4782
	4782
	4782
θ	4780
	4780
	4776
	4775
	4774
ҭ	4774
	4774
	4773
	4773
ѿ	4772
	4771
	4762
	4762
	4761
	4761
	4759
	4759
	4756
	4755
ȥ	4752
	4750
	4750
ÿ	4748
	4746
	4745
	4744
ɮ	4744
	4740
	4740
	4739
	4738
ѱ	4733
	4731
	4730
	4730
Ѯ	4730
	4730
	4730
	4730
	4730
	4730
º	4730
	4730
	4730
	4729
	4728
	4726
	4724
բ	4723
	4721
	4720
	4719
Ѿ	4719
	4718
	4717
	4716
	4714
	4712
	4712
	4711
	4711
	4705
	4705
	4703
	4703
	4698
	4698
	4693
	4691
	4689
	4689
	4688
	4686
	4686
ֺ	4682
	4682
	4678
	4678
	4674
	4674
	4674
	4674
	4674
	4674
	4674
	4674
ܷ	4671
	4670
	4669
	4668
	4667
ɩ	4665
ˤ	4665
	4664
	4662
	4661
	4660
Ԩ	4660
	4658
	4658
	4654
ȵ	4654
	4654
	4654
	4654
	4651
	4649
	4649
	4646
	4646
	4646
δ	4644
	4641
	4641
	4637
	4633
Ʋ	4633
	4632
	4632
ե	4632
	4629
	4629
	4628
	4626
̽	4626
¯	4625
	4621
	4621
	4619
	4617
	4617
	4614
ȧ	4614
	4614
	4614
	4614
	4614
	4614
	4614
Ҩ	4614
	4614
	4614
	4614
	4614
	4612
	4612
	4611
	4609
	4608
	4606
	4605
	4603
	4602
	4602
	4602
	4602
	4601
	4600
	4599
ͺ	4599
	4597
	4596
Լ	4595
	4594
	4594
	4590
	4589
	4585
	4584
	4583
	4583
	4577
	4577
	4576
	4575
	4575
	4571
	4571
ٯ	4571
	4571
	4571
	4571
	4567
̲	4567
æ	4566
	4563
	4561
ж	4556
	4554
	4552
	4551
	4551
	4551
	4551
	4551
	4551
Ҿ	4551
	4551
	4551
	4550
	4550
ݺ	4550
	4547
	4545
	4544
	4541
	4541
	4541
	4536
	4536
	4532
߷	4532
	4527
	4524
֭	4524
	4524
	4522
ˣ	4522
	4522
	4521
	4519
	4517
	4517
ѥ	4516
	4514
	4513
	4512
	4511
	4510
Ű	4509
	4509
	4504
	4503
	4499
	4499
	4498
μ	4496
	4492
	4490
	4489
ʰ	4489
ľ	4486
	4485
	4483
	4483
	4483
	4483
	4483
	4483
	4483
ñ	4483
	4471
ɯ	4471
	4471
è	4470
߮	4469
	4467
	4467
	4466
	4464
	4463
	4463
	4460
ƫ	4460
	4458
	4457
ĩ	4455
	4453
	4449
	4447
	4445
ӱ	4441
	4439
	4435
	4433
	4432
	4429
	4425
	4425
	4420
	4418
ΰ	4417
	4415
	4412
	4411
	4410
	4410
	4410
	4410
	4410
	4410
	4410
ݥ	4410
	4410
	4410
	4410
	4410
	4410
	4410
	4410
	4409
	4409
	4407
	4405
ˬ	4405
Ǧ	4405
	4404
	4404
ķ	4402
	4401
	4400
	4400
׶	4400
	4400
	4400
	4399
	4398
	4397
	4395
Ш	4394
	4394
	4394
	4394
	4393
	4388
Ƿ	4388
	4386
	4385
	4383
	4380
	4379
	4379
	4378
	4378
	4377
	4376
	4376
	4376
	4374
	4373
	4371
	4364
Ҭ	4363
	4362
	4360
	4358
	4358
	4355
	4354
	4351
	4351
	4348
	4348
ҹ	4345
	4341
	4341
	4340
	4338
	4337
Ҫ	4335
Ϸ	4335
	4333
	4332
ʫ	4332
	4332
	4332
	4332
	4332
	4332
	4332
	4331
	4330
	4329
	4323
	4322
	4321
Ī	4319
	4318
	4316
	4314
	4313
	4312
	4309
	4307
ȳ	4306
	4305
	4302
	4301
	4299
	4299
	4297
	4294
	4294
	4292
	4292
Ľ	4291
	4290
	4289
	4285
	4284
	4283
	4283
	4282
	4281
	4280
	4280
	4279
	4278
	4274
	4274
Ǫ	4273
	4273
˧	4273
	4273
Ԫ	4271
	4270
	4266
	4264
	4264
˯	4264
Ӯ	4263
	4262
	4259
	4259
	4258
	4258
	4257
	4257
	4256
	4255
	4248
	4248
	4248
	4248
	4248
ܵ	4248
	4248
	4248
	4248
	4248
	4247
	4247
	4247
ٸ	4244
	4243
ʤ	4243
	4239
	4239
	4238
ձ	4237
	4234
	4228
	4228
ߢ	4228
	4228
ѫ	4227
	4225
	4224
	4224
	4224
	4224
	4223
	4223
	4222
	4221
׽	4220
ǣ	4218
	4218
	4217
	4215
	4215
	4213
	4213
	4211
	4210
	4210
	4210
	4207
	4207
	4205
	4205
	4203
	4202
	4201
	4200
	4199
	4193
Ǽ	4193
	4192
	4191
	4185
ʭ	4182
	4181
	4180
	4178
	4178
	4176
	4176
	4175
	4174
	4172
	4171
	4170
	4169
	4167
	4166
	4166
	4164
	4163
	4160
	4159
	4158
	4158
	4158
	4158
	4158
	4158
	4158
	4158
	4158
	4158
	4158
	4158
	4158
	4158
	4158
	4158
	4158
	4158
	4158
	4156
	4155
	4155
	4155
	4154
	4154
	4153
	4153
	4152
	4151
	4147
	4147
	4145
	4144
	4143
	4143
	4141
ѡ	4141
	4140
	4136
	4135
	4135
	4135
	4134
	4133
	4131
	4129
	4127
	4125
	4125
	4124
	4122
	4122
	4121
	4118
	4118
	4118
	4117
	4116
	4113
	4113
	4112
	4110
	4106
û	4104
	4102
	4101
	4100
ҳ	4099
	4098
	4097
	4095
	4091
	4091
	4091
ϼ	4091
	4091
	4088
	4087
	4087
	4086
	4085
	4085
	4085
	4085
	4085
	4085
	4085
	4084
ԩ	4082
Ю	4082
	4079
	4079
	4078
	4077
	4076
	4075
	4075
	4074
	4074
	4074
	4072
	4070
м	4069
	4068
	4067
	4067
	4066
	4063
ٺ	4062
	4061
۷	4060
	4060
	4060
	4060
	4060
	4060
	4060
	4060
	4060
	4060
	4060
	4060
	4060
	4060
	4060
	4060
	4060
	4060
ȿ	4060
	4055
	4054
	4053
	4053
Ѭ	4052
Բ	4050
	4050
	4048
έ	4048
ڼ	4048
	4047
	4047
	4046
	4042
	4041
	4040
Ϳ	4036
	4036
	4036
	4035
£	4035
	4033
ɴ	4032
	4032
	4027
	4023
	4021
	4020
	4018
	4017
	4014
л	4013
	4011
	4010
	4009
	4007
	4007
ֻ	4003
	4003
	4002
	4002
	4001
	3999
	3997
	3996
	3996
	3995
	3994
	3992
	3991
	3990
ê	3988
	3985
	3984
	3983
	3983
ҫ	3983
	3982
	3981
	3977
	3975
	3973
	3969
	3968
	3965
	3964
к	3961
	3960
	3958
	3957
	3956
	3955
	3955
	3954
	3954
	3954
	3954
ɬ	3954
ޤ	3954
	3954
޴	3954
	3954
۬	3954
	3954
	3954
	3954
ŵ	3951
	3950
	3948
	3947
	3947
	3947
	3945
	3945
	3945
	3945
	3943
	3942
	3940
	3940
	3940
	3936
	3936
	3935
	3935
	3934
	3933
ޥ	3931
	3929
	3928
	3923
	3922
	3922
	3921
	3920
	3918
	3916
԰	3914
	3914
	3906
ŭ	3906
	3904
	3903
	3900
	3898
	3898
	3898
ӣ	3893
	3892
ɳ	3891
	3886
	3885
	3881
	3878
Ө	3876
	3876
	3872
	3871
	3871
	3870
ɥ	3868
­	3867
Ĺ	3867
	3867
	3866
	3861
͵	3861
	3859
ǰ	3858
	3858
	3857
	3855
	3855
	3854
	3851
	3851
	3850
	3850
ħ	3843
	3838
	3838
	3838
ܯ	3838
	3838
	3838
ܤ	3838
	3838
	3838
	3838
	3838
	3838
޺	3838
	3838
	3838
	3838
	3838
	3838
	3838
	3838
ܭ	3838
۴	3838
	3838
	3838
	3834
	3833
	3831
	3831
	3831
	3829
	3828
	3826
	3825
	3824
	3823
ҷ	3818
	3818
	3818
	3817
	3817
	3815
	3809
	3809
ƣ	3807
Х	3802
	3801
	3799
	3798
	3795
ֶ	3792
	3791
	3790
	3789
	3789
۳	3789
ç	3789
	3789
	3789
ʣ	3788
	3788
	3786
׾	3786
	3784
	3784
	3783
	3782
	3782
	3781
	3779
	3776
	3774
	3773
	3770
ͼ	3769
	3769
	3769
	3769
	3769
	3768
Դ	3765
	3764
	3763
	3762
	3761
	3760
	3760
ֽ	3758
֢	3758
	3758
	3753
	3750
	3748
	3748
	3748
	3748
	3744
	3744
ǹ	3743
	3742
	3742
	3741
	3738
	3737
	3736
	3736
	3734
	3734
	3733
	3730
ĥ	3730
	3726
	3724
	3721
	3718
	3717
	3714
	3713
	3712
	3711
	3711
	3711
ܫ	3711
	3711
	3711
	3711
	3711
	3711
	3711
ۭ	3711
	3711
	3711
	3711
	3711
	3711
	3711
	3711
	3711
޻	3711
	3711
	3711
ƥ	3710
	3708
	3708
	3707
	3706
	3706
	3703
	3702
	3700
	3695
	3695
׺	3692
	3690
	3690
	3688
	3684
	3683
	3682
	3682
	3681
	3680
	3679
	3678
	3676
	3676
	3676
	3674
	3671
	3671
	3671
ߡ	3671
ü	3668
	3668
	3668
	3665
	3660
	3660
	3659
	3658
	3658
	3656
	3655
	3649
	3649
Ÿ	3648
Ȫ	3647
	3642
	3640
	3637
	3637
	3632
	3631
	3631
˻	3629
	3628
	3628
	3626
	3624
	3623
ť	3622
	3621
	3620
ǧ	3619
	3619
	3617
	3613
	3613
	3612
	3611
	3610
	3610
	3609
	3609
	3607
	3606
ʯ	3606
	3605
	3603
	3600
	3598
	3594
	3594
ȭ	3594
Ǩ	3591
	3590
	3589
	3586
	3584
	3584
ʹ	3579
	3578
ǻ	3578
	3576
	3576
Ы	3576
	3575
	3574
ȸ	3573
	3571
	3571
	3571
	3571
	3571
	3571
	3571
	3571
	3571
	3571
߯	3571
ڻ	3571
٦	3571
	3571
	3571
	3571
	3571
ߣ	3571
٧	3571
	3570
	3570
	3569
	3568
	3567
	3565
	3564
	3563
ţ	3562
	3561
̸	3560
	3559
ȼ	3555
Ǭ	3553
Թ	3552
	3551
	3550
	3550
	3549
	3546
	3545
	3544
	3543
	3542
	3542
	3542
	3542
	3542
	3542
	3542
	3542
ͷ	3540
	3539
	3538
	3538
	3533
	3530
	3528
	3528
ާ	3528
	3518
	3518
	3518
	3518
	3516
	3513
Ǳ	3513
׸	3503
	3502
	3501
	3501
	3500
ϴ	3497
	3497
	3497
	3494
	3491
	3489
	3489
	3488
	3485
	3484
	3483
	3481
	3480
	3480
	3480
	3480
	3479
	3478
	3477
	3477
	3477
	3474
	3474
Ƨ	3474
	3473
	3471
	3470
ë	3470
	3469
	3469
ǫ	3468
	3468
	3468
	3468
·	3466
	3465
	3465
	3464
	3464
ץ	3464
	3463
	3459
	3459
	3457
Ͳ	3453
٩	3453
	3452
	3452
	3452
	3450
ͣ	3449
	3448
	3447
Ӻ	3447
	3445
	3445
	3444
	3444
ס	3442
Ƭ	3441
	3439
	3439
	3438
	3438
	3435
	3435
	3431
	3431
ԯ	3430
Ը	3426
	3425
	3425
	3423
ɭ	3422
	3421
ʴ	3419
	3419
	3418
	3417
	3417
	3417
	3417
	3417
	3417
	3417
	3417
	3417
ؿ	3417
	3417
	3417
	3417
	3417
	3417
	3417
	3417
	3417
	3417
	3417
	3417
	3417
	3417
	3417
	3417
	3417
	3417
	3417
	3417
	3417
	3417
	3417
	3417
	3417
	3417
	3417
ڡ	3417
¡	3416
	3416
	3416
	3415
	3415
	3411
	3410
Ͼ	3409
գ	3408
	3408
	3405
	3402
	3401
	3401
	3401
	3401
	3401
ׯ	3400
	3399
	3399
	3399
	3398
׵	3396
	3394
ǿ	3393
	3388
߸	3388
	3388
	3388
	3388
	3384
	3384
	3383
	3382
Ƥ	3382
ϳ	3377
	3377
߽	3377
	3373
б	3373
Ѩ	3370
Ӳ	3369
	3369
Ƣ	3369
	3368
	3367
	3366
	3361
ں	3360
	3354
̨	3354
	3353
	3353
ͧ	3348
	3347
Գ	3346
	3344
	3342
	3340
	3340
	3340
	3339
	3339
	3339
	3337
	3337
	3334
	3334
	3333
	3332
	3330
	3329
	3328
	3327
	3327
	3323
	3321
Ӧ	3321
	3320
ϡ	3317
	3317
	3316
	3310
	3310
	3307
	3306
	3306
	3304
	3302
	3301
ʢ	3301
	3300
	3300
	3300
	3299
	3297
	3296
	3296
	3295
	3295
	3292
	3292
	3287
ұ	3284
	3282
	3276
	3275
	3275
˹	3273
	3271
	3271
	3269
	3267
	3266
	3263
	3262
	3260
	3258
	3258
	3258
	3257
	3257
	3257
	3256
	3256
ѳ	3256
ݰ	3254
	3251
	3251
ʪ	3250
	3250
	3249
	3249
	3249
	3249
	3248
ڵ	3248
	3247
	3247
	3247
	3247
	3247
	3247
	3246
	3246
	3246
	3246
	3246
	3246
	3246
	3246
	3246
	3246
	3246
	3246
	3246
	3246
	3246
	3246
	3246
	3246
	3246
	3246
	3246
	3246
߾	3246
	3246
	3246
	3246
	3246
Ӹ	3246
	3246
	3246
	3246
	3246
	3246
	3246
۩	3246
ٶ	3246
	3246
	3246
	3246
	3246
	3246
	3245
	3244
	3242
Ⱥ	3242
	3240
	3239
	3239
	3234
	3234
	3234
	3233
	3232
	3232
©	3230
˫	3228
	3227
	3223
	3222
	3217
	3216
	3216
	3215
	3215
	3212
	3205
	3203
	3201
̴	3200
	3197
	3192
	3191
	3191
	3190
	3187
	3187
	3180
	3179
	3179
	3177
	3175
	3174
	3173
	3173
	3168
	3167
	3166
	3165
	3165
	3162
	3162
̾	3161
ð	3159
	3148
	3145
	3143
ߵ	3141
	3139
ӭ	3138
	3136
	3136
	3136
	3136
	3135
Я	3134
	3132
ū	3127
	3127
	3127
	3122
	3122
ù	3121
	3118
	3117
	3113
	3112
	3107
	3105
	3105
	3104
	3103
	3103
	3103
	3101
	3091
	3089
	3089
	3089
	3087
	3087
	3083
	3082
	3082
	3081
	3079
Ӽ	3075
	3075
	3075
	3075
	3075
	3075
۪	3075
	3074
	3074
®	3073
	3072
	3071
	3069
	3068
	3063
	3063
	3060
	3059
	3058
	3057
	3056
	3054
	3054
	3054
	3054
	3054
	3054
	3054
	3054
ݶ	3054
	3054
	3054
	3054
	3054
	3054
	3054
	3054
ث	3054
	3054
	3054
	3054
	3054
	3054
	3054
	3054
ߩ	3054
	3054
	3054
	3054
	3054
	3054
۱	3054
	3054
	3054
	3054
	3054
	3054
	3054
	3054
	3054
	3054
	3053
	3047
Ƕ	3047
	3046
	3045
	3045
	3044
	3042
	3041
	3041
	3041
	3040
	3040
	3038
	3038
	3037
ԡ	3036
	3034
	3034
	3034
	3032
	3029
	3023
	3023
	3023
Ź	3023
Ѫ	3022
	3019
	3019
	3018
	3018
	3018
	3015
	3015
	3012
	3012
	3012
	3011
	3011
	3011
	3007
	3006
	3006
	3005
	3001
	3000
	3000
	3000
	2999
	2998
ú	2998
	2997
	2996
	2995
ʷ	2993
	2992
׹	2991
	2991
	2989
	2987
ġ	2986
ů	2983
֧	2982
ԥ	2981
	2981
Ԣ	2979
	2977
	2977
	2976
	2976
	2973
	2972
	2971
	2968
	2968
	2968
	2967
	2965
	2962
	2959
	2959
	2956
	2955
	2954
	2951
	2951
	2951
	2947
	2944
	2943
	2939
ɱ	2938
	2937
	2936
	2936
	2934
	2933
Ť	2933
	2932
	2931
	2930
	2930
	2929
	2927
	2926
أ	2924
	2924
	2924
	2923
	2921
	2921
	2921
	2921
٬	2921
	2921
Ĭ	2920
	2919
	2918
	2918
	2914
ҩ	2913
	2912
	2912
	2912
	2911
	2909
	2908
Ҹ	2907
	2904
	2903
	2903
Ϩ	2902
	2895
Ũ	2893
	2892
	2891
	2891
	2890
	2889
	2889
ʻ	2888
У	2888
	2887
	2887
ǥ	2885
	2885
	2885
	2885
	2885
	2884
	2884
	2883
	2883
	2882
̳	2881
	2881
	2874
	2874
	2873
	2873
	2872
	2870
ξ	2869
	2867
	2863
	2862
	2862
ɽ	2861
	2861
	2858
	2858
	2857
	2857
	2854
	2853
	2851
	2851
ɣ	2850
	2850
	2847
	2843
	2841
	2839
	2839
	2839
	2839
	2839
	2839
ݭ	2839
	2839
	2839
	2839
ڦ	2839
	2839
	2839
	2839
	2839
	2839
	2839
	2839
	2839
	2839
	2839
	2839
	2839
	2839
	2839
	2839
	2839
	2839
	2839
	2839
	2839
ޢ	2839
	2839
	2839
ܼ	2839
	2839
پ	2839
	2839
	2839
	2839
	2839
	2839
	2839
	2839
	2839
	2839
	2839
	2839
դ	2838
	2836
	2834
	2833
	2832
	2829
֥	2828
ҥ	2828
	2828
׳	2828
	2827
	2827
	2825
	2825
	2824
׭	2824
	2823
	2823
ζ	2821
	2821
	2820
	2819
	2816
	2815
	2814
	2814
̥	2811
	2809
	2808
	2805
	2804
	2803
г	2798
	2797
ˮ	2795
	2793
	2792
	2789
	2783
	2783
	2782
	2778
	2775
	2774
	2773
	2772
	2768
	2767
	2764
	2762
	2761
	2757
	2753
	2752
	2752
	2750
	2750
	2750
Ż	2749
	2747
	2747
	2747
	2746
ª	2744
	2743
	2742
	2740
µ	2740
	2739
	2738
	2738
޼	2733
	2733
	2733
	2733
	2732
˰	2731
ת	2730
	2729
	2729
«	2728
	2728
	2726
	2723
	2722
	2722
	2722
	2719
	2718
	2717
й	2715
	2715
	2715
	2712
	2710
	2707
	2707
Ұ	2705
	2705
	2704
ƭ	2702
	2700
	2699
	2698
	2693
	2692
˥	2690
	2688
	2687
	2686
	2686
	2686
	2684
ս	2683
	2683
	2681
	2675
	2674
	2674
	2674
	2674
˨	2673
	2672
	2672
	2672
	2672
	2671
	2671
	2670
	2664
	2663
	2663
׷	2663
˳	2662
	2662
	2662
	2661
	2661
	2658
	2655
	2653
	2653
	2650
	2650
	2649
	2649
	2645
	2643
ʽ	2639
	2639
	2638
	2638
	2637
ļ	2636
	2636
	2634
	2633
	2632
	2627
	2626
	2625
	2623
	2623
	2623
	2622
	2621
	2620
	2620
	2618
	2616
	2616
	2614
ʧ	2611
	2609
	2606
	2606
	2606
	2604
	2603
	2601
	2600
	2599
	2598
	2598
	2597
˱	2597
	2596
	2596
	2596
	2596
	2596
	2596
	2595
ۣ	2595
޵	2595
	2595
	2595
	2595
	2595
	2595
	2595
	2595
	2595
	2595
	2595
	2595
	2595
	2595
ި	2595
	2595
	2595
	2595
	2595
٭	2595
	2595
	2595
	2595
	2595
ݢ	2595
	2595
	2595
	2595
	2595
	2595
	2595
	2595
	2595
	2595
	2595
	2595
	2595
	2595
	2595
	2595
	2595
	2595
	2595
	2595
	2595
	2595
	2595
	2595
	2595
	2595
٫	2595
	2595
	2595
	2595
	2595
	2595
	2595
	2595
ܺ	2595
	2595
	2595
ۿ	2595
̡	2595
ڲ	2595
	2595
	2595
	2595
ۢ	2595
	2595
۵	2595
	2593
ҡ	2592
Ӭ	2592
	2591
	2587
Һ	2584
	2584
ӡ	2583
	2583
̻	2583
	2582
	2582
	2580
	2580
	2578
	2577
	2576
	2575
	2572
	2571
	2571
	2568
	2564
	2562
	2562
	2562
	2560
	2560
	2559
	2558
	2555
	2554
	2553
	2551
	2551
	2550
	2546
	2545
	2544
	2544
	2542
	2540
	2540
	2540
	2539
	2538
	2536
	2535
	2535
ԭ	2534
̩	2534
	2533
â	2531
	2530
	2529
֬	2528
	2527
	2524
	2524
	2522
	2522
	2522
Ŵ	2520
	2520
	2519
	2516
	2516
	2516
	2514
	2514
	2512
	2510
	2510
	2510
	2506
	2503
	2503
	2503
	2502
	2498
߬	2498
װ	2496
	2495
	2495
ݷ	2495
	2494
	2492
	2489
Ѵ	2489
	2488
	2487
	2485
	2484
	2483
	2477
	2475
	2475
	2473
	2473
	2473
	2472
	2472
	2472
	2472
	2471
	2469
ɢ	2469
	2468
	2463
	2459
	2459
	2459
	2457
	2455
ӯ	2453
	2453
	2450
Ǹ	2449
	2448
	2447
	2447
־	2441
	2441
	2440
	2440
	2439
	2436
̢	2435
	2434
	2433
	2433
ڬ	2433
	2433
	2433
	2433
	2433
	2433
	2433
	2433
	2433
	2433
	2431
	2427
	2425
ò	2421
	2421
	2421
	2420
	2413
	2413
	2412
	2412
ة	2412
	2411
	2410
	2408
	2408
	2406
	2406
	2404
	2404
Ȩ	2401
ɲ	2400
	2400
	2399
	2398
	2395
	2394
	2391
	2391
	2391
	2391
	2387
½	2387
	2386
	2385
	2382
Ħ	2381
	2377
	2376
	2373
	2373
	2372
ʬ	2370
	2370
ɨ	2369
	2369
	2366
	2366
	2364
	2363
	2362
	2362
	2361
	2361
	2360
	2360
	2360
	2360
	2360
	2357
	2357
ѹ	2356
	2354
ױ	2353
ˢ	2353
	2350
	2348
	2346
	2342
	2341
	2340
ȱ	2338
ޱ	2337
Ժ	2337
گ	2337
	2337
	2336
̿	2334
	2331
	2330
	2328
	2325
	2325
	2323
˶	2323
	2323
ɧ	2321
	2318
	2318
	2317
	2317
	2317
	2317
	2317
	2317
	2317
	2317
	2317
	2317
	2317
	2317
	2317
	2317
ڱ	2317
	2317
	2317
	2317
	2317
	2317
̪	2317
	2317
ط	2317
	2317
ܣ	2317
	2317
	2317
	2317
	2317
	2317
	2317
	2317
	2317
	2317
	2317
߲	2317
	2317
	2317
	2317
	2317
	2317
	2317
	2317
	2317
	2317
	2317
	2317
	2317
	2317
	2317
	2317
	2317
ڥ	2317
	2317
	2317
	2317
	2317
	2317
	2317
	2317
	2317
	2317
	2317
	2317
	2317
	2317
	2317
ض	2317
	2317
	2317
ަ	2317
	2317
ɻ	2317
۾	2317
	2317
	2317
	2317
ص	2317
	2317
ڿ	2317
	2317
	2317
	2317
	2317
̰	2312
ը	2311
	2310
	2306
	2302
	2299
	2295
	2292
	2292
	2291
ѻ	2291
	2291
	2290
	2290
	2290
	2290
	2290
ң	2289
	2288
	2287
	2287
	2287
	2285
	2285
	2284
	2282
	2282
	2281
	2281
	2280
	2278
	2277
ı	2276
	2275
	2275
	2273
	2272
	2270
	2270
	2266
	2266
	2265
	2264
	2263
	2263
	2261
	2260
	2260
	2258
Ʊ	2257
߰	2257
	2256
	2255
ͬ	2255
	2251
	2250
	2249
	2249
	2247
	2247
	2246
	2244
	2241
	2239
	2238
޹	2235
ƨ	2235
	2232
ڤ	2231
	2231
	2229
	2226
	2226
	2226
	2225
	2224
	2223
	2218
	2216
	2216
	2214
Ů	2213
	2211
	2211
	2209
	2207
	2207
	2206
	2206
	2206
	2205
	2204
	2203
	2202
γ	2200
	2200
Ѻ	2199
	2198
	2195
	2195
	2195
	2195
	2191
	2190
	2180
	2178
Χ	2175
	2175
ֿ	2174
	2172
	2169
Ӣ	2168
	2166
	2165
	2165
	2165
	2164
	2164
	2164
	2164
	2164
	2163
ٿ	2163
	2163
	2163
	2163
	2163
	2163
	2163
	2163
	2163
	2162
	2162
	2159
ү	2159
	2158
	2158
	2156
	2154
	2154
	2152
	2151
ʦ	2150
	2147
ֵ	2147
ά	2146
	2146
	2144
	2140
	2140
	2138
	2138
	2135
	2133
	2133
	2127
	2124
	2122
	2121
	2115
	2115
	2113
	2110
	2109
	2106
	2105
	2105
	2105
	2102
	2101
	2099
	2097
	2097
	2096
	2095
	2095
	2093
ҿ	2093
	2093
	2092
	2091
	2087
	2085
˷	2079
	2079
	2077
	2077
	2076
	2076
	2075
	2073
	2071
Ƹ	2070
	2069
	2069
	2068
	2067
	2065
	2064
	2064
	2063
	2058
	2054
	2053
	2049
	2049
	2049
	2045
̱	2045
	2043
٨	2040
	2040
	2038
	2037
	2034
ʨ	2031
	2030
ǩ	2029
	2029
	2028
	2027
	2027
	2027
	2027
	2027
	2027
	2027
ھ	2027
	2026
	2025
	2025
	2022
	2021
	2021
	2021
	2020
	2019
	2014
	2012
	2012
ַ	2011
֫	2009
	2008
	2006
	2006
	2005
	2004
	2003
	2002
	2001
ȩ	2000
	1998
	1998
	1996
	1996
	1996
	1996
	1996
	1996
	1996
	1996
Ž	1996
	1996
	1996
ڷ	1996
	1996
۹	1996
	1996
	1996
	1996
	1996
	1996
	1996
߿	1996
	1996
	1996
	1996
	1996
	1996
	1996
	1996
	1996
	1996
	1996
	1996
	1996
	1996
	1996
	1996
	1996
	1996
ܸ	1996
	1996
	1996
	1996
	1996
	1996
	1996
	1996
	1996
	1996
	1996
	1996
	1996
	1996
	1996
	1996
	1996
	1996
۽	1996
	1996
	1996
	1996
	1996
	1996
	1996
	1996
	1996
	1996
	1996
	1996
	1996
ٴ	1996
	1996
	1996
	1996
	1996
ޯ	1996
	1996
	1996
	1996
	1996
	1996
	1996
	1996
	1996
	1996
	1996
	1996
	1996
	1996
	1996
ؾ	1996
	1996
	1996
	1996
	1996
	1996
	1996
	1996
	1996
	1996
	1996
	1996
	1996
	1996
	1996
	1996
	1996
	1996
	1996
	1996
	1993
	1991
	1988
	1988
	1987
	1986
	1986
	1983
	1981
	1980
	1979
	1978
	1977
	1975
	1975
	1973
	1973
	1972
	1972
	1971
	1970
	1969
	1967
	1967
ä	1967
	1966
	1962
¶	1961
ެ	1961
ί	1959
	1950
	1949
	1947
	1946
	1946
	1946
	1944
	1942
	1936
	1935
	1935
	1935
	1935
	1933
	1932
	1931
	1930
	1930
	1929
	1928
	1925
	1924
	1923
	1923
	1922
Ļ	1919
	1917
	1917
	1917
	1917
΢	1916
	1912
α	1909
	1908
	1908
Φ	1908
	1908
	1908
	1904
ո	1895
	1895
	1894
	1892
¸	1891
ϧ	1890
	1889
	1888
Ư	1888
	1887
	1886
ָ	1886
	1885
֤	1883
	1879
Ա	1878
	1875
Ϭ	1875
ִ	1873
	1871
	1869
	1868
	1868
	1867
	1866
	1866
	1866
	1863
	1863
	1859
	1857
	1857
	1854
	1854
	1853
	1853
	1853
	1853
	1853
ޭ	1853
	1853
	1853
٥	1853
	1853
ʳ	1850
	1849
	1848
	1847
ǡ	1847
	1846
ż	1840
	1838
	1837
	1836
а	1836
	1834
	1833
и	1833
	1830
	1824
ͽ	1823
	1823
	1819
	1819
	1819
	1817
	1817
	1811
ϲ	1811
Ͻ	1811
	1811
	1809
	1805
	1805
	1803
	1802
	1802
	1802
	1802
س	1802
	1802
	1801
̺	1800
	1799
Ӷ	1799
	1799
	1795
	1794
	1794
	1794
	1794
	1792
	1790
	1790
Ƴ	1785
	1785
	1785
	1785
	1784
	1783
	1782
	1782
	1782
	1782
	1781
	1778
	1774
ƽ	1772
	1770
	1770
	1769
ȫ	1767
	1764
	1761
	1761
	1758
	1758
	1757
	1753
	1753
	1751
	1748
¼	1748
	1747
	1746
	1743
	1739
	1738
	1734
	1733
ѭ	1733
Ѱ	1732
	1732
ϭ	1730
	1730
	1730
	1730
	1730
	1730
	1730
	1730
	1730
	1730
	1730
	1730
Ϧ	1727
	1725
	1725
	1723
	1722
	1721
	1721
	1720
	1718
	1716
Ӿ	1716
	1715
	1714
	1714
ĸ	1712
	1712
	1712
	1712
	1708
ϸ	1708
˽	1708
	1708
	1707
	1703
	1701
٪	1700
	1695
	1694
߶	1693
	1692
	1692
	1690
	1688
	1685
	1685
	1684
	1684
	1683
	1682
	1682
	1680
	1678
	1675
	1675
	1675
	1674
˼	1670
	1670
	1669
	1669
	1668
	1667
ר	1666
	1665
	1665
	1664
	1664
	1663
	1661
	1661
	1660
	1653
Ѳ	1652
	1652
	1652
	1650
	1650
	1650
	1648
	1647
ͯ	1647
	1646
	1643
	1640
	1639
ɸ	1639
ĭ	1638
	1630
н	1627
	1624
	1623
	1622
	1622
	1622
	1622
	1622
ߦ	1622
	1622
	1622
	1622
	1621
	1621
	1621
	1621
߹	1621
	1621
	1621
	1621
	1621
	1621
	1621
	1621
	1621
	1621
	1621
	1621
	1621
	1621
	1621
	1621
	1621
	1621
	1621
	1621
	1621
	1621
	1621
	1621
	1621
	1621
	1621
	1621
	1621
	1621
	1621
	1621
	1621
	1621
	1621
	1621
	1621
	1621
	1621
	1621
	1621
	1621
	1621
	1621
	1621
	1621
	1621
	1621
	1621
	1621
	1621
	1621
	1621
	1621
	1621
ݡ	1621
	1621
	1621
	1621
ٰ	1621
ڰ	1621
	1621
۰	1621
	1621
	1621
	1621
ݿ	1621
ɫ	1621
	1621
	1621
	1621
ݣ	1621
	1621
	1621
	1621
	1621
	1621
ܥ	1621
	1621
	1621
	1621
	1621
	1621
	1621
	1621
ۨ	1621
	1621
	1621
	1621
	1621
	1621
	1621
	1621
ܶ	1621
	1621
ء	1621
	1621
	1621
	1621
	1621
	1621
	1621
	1621
	1621
	1621
	1621
	1621
	1621
	1621
	1621
	1621
	1621
	1621
	1621
	1621
	1621
	1621
	1621
	1621
	1621
	1621
ٽ	1621
	1621
	1621
	1621
	1621
ߧ	1621
	1621
	1621
	1621
޽	1621
	1621
	1621
	1621
	1621
	1621
	1621
	1621
	1621
	1621
	1621
	1621
	1621
	1621
	1621
۫	1621
	1621
	1621
	1621
	1621
	1621
ڴ	1621
	1621
	1621
	1621
ٱ	1621
	1621
	1621
	1621
	1621
	1621
	1621
	1621
	1621
	1621
	1621
	1621
	1621
	1621
	1621
	1621
	1619
	1615
	1614
	1613
	1612
	1610
Ų	1608
	1608
	1607
	1607
	1604
	1593
	1592
	1591
	1586
	1583
	1582
	1579
	1579
	1576
	1571
	1563
	1561
͸	1560
	1559
	1557
	1557
	1557
	1557
	1556
	1556
	1556
	1550
	1548
	1545
ף	1541
	1541
	1540
Ψ	1538
	1537
	1536
	1536
	1535
	1533
	1529
	1529
	1527
	1527
	1527
	1526
	1526
	1526
	1524
ֱ	1524
	1523
	1522
ή	1521
	1518
	1516
	1515
	1513
	1510
	1509
֪	1507
	1506
	1506
	1506
	1504
	1502
	1500
	1498
	1497
	1497
	1497
	1497
	1497
	1497
	1497
	1497
	1497
	1497
	1497
ȡ	1497
	1497
	1497
	1497
	1497
	1497
	1497
߻	1497
	1495
	1495
о	1494
²	1490
	1489
	1488
	1487
ͥ	1485
	1483
	1482
	1481
ݱ	1480
	1479
	1478
	1474
	1474
	1471
Ϯ	1469
	1467
	1465
	1464
	1461
	1458
	1457
	1457
	1456
	1456
	1456
״	1455
	1454
	1454
	1453
ο	1451
	1451
	1451
	1447
	1446
	1446
϶	1443
	1443
	1443
	1442
	1442
	1442
	1441
	1441
	1441
	1439
	1437
	1435
	1432
	1428
	1428
	1427
	1427
Ĵ	1426
	1426
ƹ	1425
	1425
	1422
	1421
	1421
	1420
	1420
ϱ	1419
	1418
ߴ	1416
	1415
	1415
	1414
	1414
	1412
	1410
	1410
	1409
	1404
	1404
	1404
	1401
̹	1399
	1398
	1397
	1394
	1393
	1390
	1390
	1390
޲	1390
	1390
	1390
	1390
	1390
	1389
	1387
	1385
ã	1385
	1383
	1381
	1381
	1380
	1380
ϻ	1379
	1378
ӳ	1378
	1376
̣	1376
ֲ	1376
;	1374
	1372
	1371
	1371
	1371
	1369
	1367
	1366
	1365
	1365
	1365
	1364
	1364
	1359
	1358
	1358
	1354
	1352
	1351
	1351
	1351
	1351
	1351
	1349
ũ	1348
	1347
	1345
	1343
	1342
Ȥ	1342
	1342
	1342
Щ	1339
	1338
ֹ	1337
	1334
	1332
	1332
	1331
	1327
	1327
ϣ	1325
	1325
	1325
	1318
	1318
	1315
	1311
̬	1311
ɿ	1310
	1309
	1308
	1307
	1302
	1302
	1301
	1299
	1298
	1298
	1297
	1297
	1297
	1297
	1297
	1297
	1297
	1297
	1297
	1297
	1297
	1297
	1297
	1297
	1296
	1295
	1294
	1289
	1289
	1288
	1283
	1280
	1277
	1272
	1271
ó	1271
	1271
	1261
	1260
	1258
	1257
	1257
	1256
	1255
Ƶ	1254
	1253
ʼ	1251
	1248
	1247
ƶ	1247
	1247
տ	1245
	1241
	1241
Ⱦ	1238
	1238
	1237
	1237
	1235
	1235
	1235
ʿ	1223
	1219
	1217
	1216
	1216
	1216
ۤ	1216
	1216
	1216
	1216
	1215
	1214
	1214
շ	1213
	1213
ծ	1211
	1210
	1208
ȶ	1207
Ӱ	1206
ԧ	1202
	1201
	1197
	1196
	1194
	1183
	1179
	1179
	1179
	1179
	1179
	1179
	1179
	1179
	1179
	1179
ܢ	1179
ա	1179
	1179
	1179
	1179
	1179
	1179
	1179
	1179
	1179
	1179
	1179
	1179
	1179
	1179
	1179
	1179
ܮ	1179
	1179
ޮ	1179
	1179
޷	1179
ڽ	1179
	1179
	1179
	1179
	1179
ݽ	1179
	1179
	1179
	1179
	1179
	1179
	1179
ݯ	1179
	1179
	1179
	1179
	1179
	1179
	1179
	1179
	1179
	1179
	1179
	1179
	1179
	1179
	1179
	1179
	1179
	1179
	1179
	1179
	1179
	1179
	1179
	1179
ܨ	1179
	1179
	1179
	1179
	1179
	1179
	1179
	1179
	1179
	1179
	1179
	1179
	1179
	1179
	1179
	1179
	1179
	1179
	1179
	1179
	1179
	1179
	1179
	1179
	1179
	1179
	1179
	1179
ت	1179
	1179
ر	1179
	1179
	1179
	1179
	1179
	1179
ݪ	1179
	1179
	1179
	1179
	1179
	1179
	1179
	1179
	1179
	1179
	1179
	1179
	1179
	1179
	1179
	1179
	1179
	1179
	1179
	1179
	1179
	1179
	1179
	1179
	1179
	1179
	1179
	1179
	1179
	1179
	1179
	1179
	1179
	1179
	1179
	1179
	1179
	1179
	1179
	1179
	1179
	1179
	1179
	1179
	1179
	1179
	1179
	1179
	1179
	1179
	1179
	1179
	1179
	1179
	1179
	1179
	1179
ܬ	1179
	1179
	1179
	1179
	1179
	1179
	1179
	1179
	1179
	1179
	1179
	1179
	1179
	1179
	1179
	1179
	1179
	1179
ش	1179
	1179
	1179
	1179
	1179
	1179
	1179
	1179
	1179
	1179
	1179
	1179
	1179
	1179
	1179
	1179
ܧ	1179
	1179
	1179
ܴ	1179
	1179
	1179
	1179
	1179
	1179
ܳ	1179
	1179
	1179
	1179
ݳ	1179
	1179
	1179
	1179
	1179
	1179
޳	1179
	1179
	1179
	1179
	1179
	1179
	1179
	1179
	1179
	1179
ܦ	1179
	1179
	1179
	1179
	1179
	1179
	1179
	1179
	1179
	1179
	1179
	1179
	1179
	1179
	1179
	1179
	1179
	1179
	1179
	1179
	1179
	1179
	1179
	1179
	1179
	1179
	1179
	1179
	1179
	1179
	1179
	1179
	1179
	1179
	1179
	1179
	1179
	1179
	1179
	1179
	1179
	1179
	1179
	1179
	1179
	1179
	1179
	1179
	1179
	1179
	1179
	1179
	1179
	1179
	1179
	1179
	1179
	1179
	1179
	1179
	1179
	1179
	1179
	1179
	1179
	1179
	1179
Ͽ	1176
	1173
	1165
	1162
	1162
	1160
	1159
	1159
	1158
	1158
	1158
	1158
	1158
	1158
	1157
	1156
	1152
	1151
Ӥ	1150
	1148
	1145
	1145
	1145
	1145
	1145
	1144
	1143
	1140
ϯ	1137
ȯ	1134
	1133
	1130
	1128
	1128
	1128
	1126
	1125
	1119
	1118
	1116
	1114
	1111
	1110
	1109
	1108
	1107
	1106
	1105
	1105
	1102
	1102
	1101
	1099
	1098
	1098
	1098
	1097
	1091
	1086
	1086
	1084
	1083
	1081
	1081
	1081
	1081
	1081
	1081
	1081
	1081
	1081
	1081
	1081
	1081
	1081
	1081
	1081
	1081
	1081
	1081
	1081
	1081
	1081
	1081
߱	1081
	1081
	1081
׼	1079
	1078
	1077
	1077
ϵ	1075
Ʒ	1071
	1069
	1069
ʾ	1068
	1063
	1062
	1062
	1056
	1055
	1054
ʶ	1053
	1049
	1048
	1043
	1042
	1042
	1041
Ͷ	1035
	1034
	1032
ѧ	1031
	1030
	1027
̭	1025
ҵ	1025
	1024
	1024
	1024
Ԥ	1024
	1022
	1021
	1019
	1016
	1015
	1013
չ	1013
	1013
	1009
	1008
	1007
	1007
ݮ	1006
Ӫ	1004
	1003
	1003
	1002
	1001
	999
	998
	998
̮	998
	997
	997
	997
	997
	997
	997
ߪ	997
	997
	997
Ǥ	997
	997
	997
	997
	997
	997
	997
	995
	991
	990
	990
ؤ	986
	986
	984
	984
	984
	979
	973
	971
լ	971
ϩ	968
ע	968
	966
	966
	965
	963
	963
	961
ŷ	955
	954
	954
ν	953
	949
	949
	947
	944
	942
	942
	941
	941
	939
	938
	937
	933
	933
	932
	927
	927
	927
	927
	926
	926
	926
	926
	926
	926
	926
	926
	926
ۯ	926
	926
	926
	926
	926
	926
	912
	912
	911
	909
	908
	908
	907
	906
	905
ͨ	904
	904
	901
	901
	898
	894
	894
	894
٤	894
	894
	892
	888
	887
	886
	884
	884
	884
	884
	884
	884
	883
	881
Ģ	880
	879
	874
	870
Ŭ	868
Ϣ	868
ϫ	865
	864
	864
	864
	864
	864
	864
	862
	861
Σ	860
	860
	857
	856
	856
	854
	853
	851
	851
	850
	849
ĵ	849
	848
ͻ	848
	847
	846
	846
	846
	846
	841
	840
	839
	838
ӹ	838
	837
е	836
	836
	834
	833
	833
	832
ְ	830
ӫ	830
Ԯ	829
	824
	823
	823
	819
	817
	815
ʩ	813
	812
	812
	811
	810
	810
	810
	810
	810
	810
ڭ	810
	810
	810
	810
	810
	810
	810
Կ	808
	804
	801
	800
	795
	793
	791
˸	790
Ţ	786
ȷ	786
	786
	785
	785
	784
	783
	779
	777
	777
	775
	775
	769
	768
ϰ	767
	767
	766
	763
	763
	763
	763
	763
	763
	763
	763
	763
ٵ	763
	763
Ԧ	758
	756
	753
	750
	748
	748
	733
	730
	729
Ŧ	728
	724
	722
ʵ	722
ų	721
	721
	721
	721
	721
	721
	720
	720
	720
	720
	720
	720
	720
	720
	720
	720
	720
	720
	716
į	715
	715
	706
	705
	704
ʲ	704
	701
ٲ	701
	701
	699
	696
	695
	695
	692
	690
	690
˾	689
	687
	687
	683
	683
	682
	682
	682
	682
	682
Ŀ	681
غ	678
	676
	675
	675
ơ	672
	671
	671
	669
	669
	664
	663
	663
	658
	653
	653
	651
	648
	648
	648
	648
	648
	648
	647
	646
	638
	636
	633
	633
ƻ	628
	627
թ	627
	627
	627
	627
	627
	623
	617
	617
ҽ	617
	617
	616
	615
	613
ٳ	608
	605
Ѹ	604
	602
Υ	602
	600
Э	595
	594
	589
	589
	589
Ǿ	589
	588
	588
Ч	585
	585
	584
	582
	581
	576
	576
	576
ӵ	574
Ϋ	572
	569
	567
	566
	565
	564
	564
	564
	564
	564
	564
	560
	560
	559
	559
	556
	554
	549
	549
	545
	540
	540
	540
	540
	532
	532
	532
ű	531
	529
	526
	526
	526
	525
	518
	518
	518
	517
	515
	512
	512
	512
	512
	510
	509
Ȼ	508
	506
	504
	503
	499
	499
	498
	498
İ	492
	489
	486
	480
	480
	479
	469
	468
	463
	463
	463
	463
	463
	463
	463
	459
	455
	454
	452
	452
۶	452
	450
	447
	447
ڨ	447
	447
	445
	445
	444
ڮ	442
	440
	438
	432
	432
	432
	432
׻	432
	432
	432
	430
	427
	423
	423
	423
	423
	419
	418
	418
	418
	414
	412
	411
	409
ɤ	408
	405
	405
	404
	401
	397
	397
	396
	393
ì	388
	385
	383
ѯ	383
	381
	381
	381
	381
	381
	381
	377
	377
ģ	375
ߺ	374
	374
	372
˲	371
	370
	370
	367
	366
	365
	364
	364
ӷ	360
	360
	358
¢	356
߳	355
	355
	353
	350
	348
	343
	341
	341
	341
	341
	340
	337
	336
	336
	334
ٮ	328
á	324
	324
	321
Į	317
	316
	315
	313
ֳ	313
	313
Ѥ	309
֯	309
	306
	306
֩	304
	301
	299
	299
	297
	295
	294
	294
خ	292
	290
	290
	286
	284
å	284
ڶ	282
	279
	279
ѵ	278
	274
	274
	273
	270
	270
	268
	266
	266
	265
	263
	257
	251
Ǵ	246
	244
ڹ	243
	240
	240
	237
	235
	235
	235
	231
	227
	227
	221
ӻ	219
	219
	218
	216
ݸ	215
	212
	212
	212
	207
	204
	199
	196
	192
	192
	188
	187
	187
	186
	185
	184
	181
	181
	179
	177
	176
	175
	172
	172
	170
	167
	166
	163
	160
	160
ͳ	159
	152
	152
	150
Ȭ	149
	142
	142
	139
	136
в	135
	128
	121
ý	115
	110
ô	108
	104
	99
	99
	94
	87
	86
	86
	80
	79
	77
	73
	72
	72
	70
	52
	49
	40
	39
	34
	29
	23
	15
	12
